250 1440 26010 53290 25000 1440 25000 14440 26010 
16810 1440 46240 26010 250 16810 16810 250 16810 
53290 1440 53290 16810 25000 1440 1440 1440 16810 
72250 46240 53290 25000 1440 250 14440 46240 25000 
14440 16810 26010 26010 250 1440 25000 250 72250 
16810 1440 53290 250 16810 1440 25000 53290 25000 
14440 1440 16810 14440 1440 53290 14440 1440 16810 
16810 1440 1440 1440 25000 46240 1440 46240 16810 
14440 53290 26010 25000 16810 1440 1440 16810 53290 

The sum of the diagonal elements of the matrix is 195640